20240324_165051_jpg.rf.c3cfeae29bdd70b0d91feea5782896fb.jpg 256,51,367,130,0
20240406_145219_jpg.rf.c3b27e8018bbdf04b50c9231614a374c.jpg 433,278,473,324,0
20240406_132643_jpg.rf.c84c08de28850083319a0ffd6fe7058f.jpg 233,211,396,336,0
Screenshot-2024-04-08-190205_png.rf.c9274c23cea3dd398917394df52f7bdf.jpg 104,72,563,567,0
Screenshot-2024-04-08-182238_png.rf.cd759b8a5453aae7b80f80ab87bcc2ab.jpg 79,127,503,531,0
20240324_165237_jpg.rf.c546275b0d20ffbaaa03e23c21b5eb72.jpg 200,206,300,280,0
20240326_191523_jpg.rf.cd6a06def17670428ea57f7df1e3371a.jpg 311,80,391,131,0
Screenshot-2024-04-08-165752_png.rf.bc192c3ddd03795c5b43d6b8ff54e883.jpg 183,183,470,502,0
Screenshot-2024-04-08-191441_png.rf.c0f3ffd385b9a4970a6753b957de8e77.jpg 133,104,475,631,0
Screenshot-2024-04-08-190416_png.rf.cea07500cda678f8f13d7208f6fda23b.jpg 119,121,494,504,0
IMG_8756_jpeg.rf.ba9c56b749a2ff95e1e3d429ea7c0982.jpg 249,325,335,391,0
Screenshot-2024-04-08-170136_png.rf.c217c16b22033555188dd7c574710542.jpg 162,114,493,521,0
20240328_203631_jpg.rf.c4ecede90b14fdafa0129d2c7195b947.jpg 289,77,396,202,0
20240406_145215_jpg.rf.bd1afe01dd258cdd151384fde4d9254c.jpg 336,289,371,314,0
20240326_102820_jpg.rf.bcf924d2d74a1e194bccfee63c12fad7.jpg 252,63,338,155,0
20240324_170931_jpg.rf.c3fb60f57664af44e11bd3007b7ba7fa.jpg 433,208,558,302,0 345,118,462,212,0
20240326_102941_jpg.rf.c931fc63d32499682248f60e37eb5829.jpg 274,196,360,265,0
IMG_8737_jpeg.rf.c58f908e8f438f6375ba86a0ea203908.jpg 282,297,406,394,0
Screenshot-2024-04-08-190121_png.rf.cb255ef87a3299bb515288228590425c.jpg 119,30,511,565,0
Screenshot-2024-04-08-170333_png.rf.c3c7510ab27008dca9d2c54b6b4d3bd2.jpg 105,157,420,528,0
Screenshot-2024-04-08-170129_png.rf.c4b818f6011c0d2f387fd7ace0d05956.jpg 169,120,456,508,0
IMG_8737_jpeg.rf.c5ba6f6946f757acea6ec5cdf8306e49.jpg 282,297,406,394,0
20240328_203511_jpg.rf.caecece4b20382ff2d6aca0957b5eda3.jpg 249,184,361,279,0
Screenshot-2024-04-08-184952_png.rf.c43f11cefa40953a9a5aeb6c7ec5fd1e.jpg 183,182,457,606,0
Screenshot-2024-04-08-171620_png.rf.bd7a0831130b1dc64cec74cd4a9284e2.jpg 106,145,512,550,0
20240406_144750_jpg.rf.cfc182ed95d028a42d45efb6cd2b6b24.jpg 263,144,370,255,0
IMG_8744_jpeg.rf.d127a7b9cfcacf586cdcbdfa6a63a630.jpg 287,174,440,295,0
Screenshot-2024-04-08-170244_png.rf.d118fc1de384f703bcd35be1070c673d.jpg 88,118,539,522,0
IMG_8756_jpeg.rf.d3d8406b31f2401b48cbc85d14b088f8.jpg 249,325,335,391,0
Screenshot-2024-04-08-171505_png.rf.d386338abba160706656b8c02bd83ca7.jpg 161,167,468,516,0
Screenshot-2024-04-08-171401_png.rf.d2e0c4bf633bf56f7e61a634c37c971e.jpg 106,138,518,562,0
IMG_8750_jpeg.rf.d0c3ea38675b9a9cba898058bdbf8d6a.jpg 11,290,116,370,0
Screenshot-2024-04-08-181552_png.rf.d3e70eeeaea9e780eca8a7be30f3fc83.jpg 65,98,505,539,0
20240324_170857_jpg.rf.d1becd173ed84e8a41d0dcab25639d5a.jpg 295,240,366,296,0
20240328_203511_jpg.rf.cfe6cf2328584beb86cc3111ae72d604.jpg 249,184,361,279,0
20240406_144607_jpg.rf.d66e620c0bf6b5255b50a9f16ec2d93a.jpg 239,218,345,290,0
IMG_8759_jpeg.rf.dab7cf0d9a3080c9cdec0458421644b8.jpg 233,275,322,342,0
20240324_165951_jpg.rf.d5bc371b912d9cbb894a18d75397374b.jpg 297,57,419,166,0
Screenshot-2024-04-08-170116_png.rf.d9b7acedcd679cdbefb846bd960ec0cd.jpg 142,154,480,556,0
Screenshot-2024-04-08-170352_png.rf.d8f48a1b6ff689f74d0472ce3782e658.jpg 101,141,519,551,0
Screenshot-2024-04-08-171505_png.rf.dc73bb514edc10a715ff3b7aad000cef.jpg 161,166,467,515,0
Screenshot-2024-04-08-182504_png.rf.dd361b7d8cf935b72013ae7c54259c88.jpg 85,75,474,538,0
20240324_165237_jpg.rf.dd6326c0421a04f6a2f2e46efd2b1bb6.jpg 200,206,300,280,0
Screenshot-2024-04-08-170058_png.rf.dba7973b271cc4ec0603325801c4a03f.jpg 193,131,446,309,0
Screenshot-2024-04-08-182238_png.rf.d88960151a1fd99baa322fa797ad8a07.jpg 79,128,502,531,0
20240328_203506_jpg.rf.e2230d2ad7a17ce5e6b970c843af2f05.jpg 246,130,364,207,0
Screenshot-2024-04-08-170241_png.rf.e20f84b860fb56c6f847b94044cca721.jpg 123,179,440,551,0
20240324_170532_jpg.rf.e260bd2dbcdd4d60916c536098c8a461.jpg 366,91,530,199,0
20240406_145219_jpg.rf.e07d0a6600971b8b531f3a9cf5d51f19.jpg 434,277,473,323,0
20240328_203511_jpg.rf.df12184bf4ff024168edf186f657617b.jpg 249,184,361,280,0
IMG_8742_jpeg.rf.def1947a737a7b98f2ff7768baea55d9.jpg 313,245,460,366,0
Screenshot-2024-04-08-181549_png.rf.e3ee364f7394c71d13efcebfbc973ffd.jpg 145,126,493,516,0
Screenshot-2024-04-08-191441_png.rf.e3cd997ce6480ad8999ad7de9d405a34.jpg 134,104,475,630,0
IMG_8756_jpeg.rf.e61c955b5bf66ab8dafe88415c9645bf.jpg 248,325,335,391,0
IMG_8750_jpeg.rf.e4cc5100af2c4273bd642933e277eae8.jpg 11,290,116,370,0
Screenshot-2024-04-08-182537_png.rf.e49c64be475a3586e8e4de84fedf3a5f.jpg 116,166,550,490,0
Screenshot-2024-04-08-170333_png.rf.e57def0b5fa1ad91855fc3f0b393cf63.jpg 105,157,420,528,0
Screenshot-2024-04-08-170352_png.rf.e5cafd11d57be597b6cdd2d20141d207.jpg 102,141,520,551,0
20240406_145339_jpg.rf.e714e9a2ddbbb13b4e0246adffc3d1d9.jpg 285,274,397,358,0
Screenshot-2024-04-08-171431_png.rf.e852b973cf8dc6a18303edf8185b34ac.jpg 81,130,491,516,0
20240324_170217_jpg.rf.e8e2240e2d5d03abbab7405bf619a2ed.jpg 310,182,372,232,0
20240326_184741_jpg.rf.e71e07bf2153ccbbb4c62253340fdace.jpg 269,185,358,276,0
Screenshot-2024-04-08-181512_png.rf.ec4c275fdea922adec121a30e5727ee3.jpg 135,113,497,561,0
20240406_144743_jpg.rf.e91dc2e853a5cf2629626dac9d56e4d2.jpg 273,223,358,325,0
Screenshot-2024-04-08-181348_png.rf.f22a26c0f50a1403c8d17686e4794f4d.jpg 230,155,503,513,0
20240324_170807_jpg.rf.eb1962b9e618f47d3a71c418ffdedc83.jpg 283,114,380,191,0
Screenshot-2024-04-08-170058_png.rf.ed493ae3b59d5ace12950b078d117cd9.jpg 193,131,446,309,0
IMG_8762_jpeg.rf.f2c8c194d43c14910b5564762e779794.jpg 230,249,365,358,0
20240326_102845_jpg.rf.ee68289cdee0a9ae5b68b721ad622a25.jpg 93,154,220,239,0 262,199,401,284,0
Screenshot-2024-04-08-190121_png.rf.f576c939447c3b9ac65b82b6b2f7af03.jpg 119,30,511,565,0
20240406_132936_jpg.rf.f464253bc2317786683d12af78e63fc8.jpg 224,257,263,297,0
20240326_102805_jpg.rf.f35f341ea19944d9909ccaa3ec6da690.jpg 272,162,361,242,0
Screenshot-2024-04-08-170337_png.rf.f7d6985879fc88b8dc0348a4da21d179.jpg 151,161,419,531,0
Screenshot-2024-04-08-181348_png.rf.f6338dc8f3e6532b10f31114d59409fa.jpg 230,155,504,513,0
IMG_8759_jpeg.rf.f5c0f89a0159138a08907a21ec93e521.jpg 233,275,322,342,0
20240406_132741_jpg.rf.f8edde51875b1e2df1e24999cdff7387.jpg 247,268,402,381,0
20240326_184741_jpg.rf.f8fd0a889ac712a5d3da9d1a0e717a86.jpg 269,185,359,276,0
20240326_102800_jpg.rf.f5c75086f96c8d8d7d2c915a44ed74b5.jpg 268,125,366,204,0
Screenshot-2024-04-08-181517_png.rf.f962b7d371d9a5982ddf8355a1453148.jpg
Screenshot-2024-04-08-182504_png.rf.fb5f26ae57c115f7a9d7f1a8aa714890.jpg 86,75,475,539,0
Screenshot-2024-04-08-185016_png.rf.f9e948a83e2977fb0cf2611d95bfdb36.jpg 192,36,418,254,0
20240324_170532_jpg.rf.fc8770d61719b5cf99b661ef0c1c8519.jpg 366,91,529,199,0
Screenshot-2024-04-08-171401_png.rf.ff15abc4e57104d54047b5724b07905d.jpg 106,138,518,562,0
20240324_165046_jpg.rf.ffe3e248d817a48e9d7a8a145dede6ac.jpg 263,77,349,133,0
Screenshot-2024-04-08-170241_png.rf.04e9b273a3f1ac9c93d059740568fa0d.jpg 123,179,440,551,0
Screenshot-2024-04-08-182504_png.rf.0af55401b990d5249142eb06d3e06ee2.jpg 85,75,474,538,0
Screenshot-2024-04-08-165752_png.rf.0aca6fd5a49de3894997eae51242f5a7.jpg 183,184,470,503,0
20240326_102929_jpg.rf.03037f3f0c948aac0d8596dbe68f67cf.jpg 259,91,360,194,0
IMG_8758_jpeg.rf.0a30f5b9e963c7d99d31ab10dac83f6b.jpg 94,145,288,291,0
20240406_144826_jpg.rf.00da3c5b893f8f82c68a0fca25dd084c.jpg 241,200,376,298,0
Screenshot-2024-04-08-191441_png.rf.01f0c25620667aaaca8110b258d25ee6.jpg 134,104,475,630,0
Screenshot-2024-04-08-190800_png.rf.030aa4b79332225768056a77c230299b.jpg 88,95,543,574,0
Screenshot-2024-04-08-170310_png.rf.021af04b826febd29e48ba5a131f0d2c.jpg 117,104,385,529,0
20240326_102933_jpg.rf.081c2092d35841cabf1983f24336a2d2.jpg 246,97,382,185,0
Screenshot-2024-04-08-170310_png.rf.0f5f6ce86b664529a5f1b130ea1bd3cd.jpg 117,104,385,529,0
IMG_8742_jpeg.rf.0f8ff418624f7c6c0559ec3f6eb27ece.jpg 314,245,460,366,0
Screenshot-2024-04-08-184041_png.rf.0affbe387ee3e69aef9dc566e4e5150a.jpg 167,27,541,277,0
Screenshot-2024-04-08-165650_png.rf.0b7409aa92e4fcea972d539a8fdb3ab6.jpg 104,143,409,515,0
20240328_203506_jpg.rf.0ea464f6e765aac9192a2ff1169f4242.jpg 246,130,364,207,0
Screenshot-2024-04-08-165752_png.rf.111169238f2f71ff9e48b0b3cf6e0bd6.jpg 183,183,470,502,0
Screenshot-2024-04-08-171236_png.rf.111c452f9301a4c51a04453d1f07b217.jpg 127,116,523,560,0
20240326_102929_jpg.rf.138f16434235e8217c135ed9fbe4f9cc.jpg 259,91,359,194,0
20240324_170857_jpg.rf.11a3bc5d1d36243f4f7952ab322e4ab0.jpg 295,240,366,296,0
20240326_184720_jpg.rf.14662d0e956253a3258edbc98d4f8eea.jpg 270,208,358,282,0
20240326_102845_jpg.rf.1119aeff221d2890207e3ad7521167b3.jpg 93,154,220,239,0 262,199,401,284,0
Screenshot-2024-04-08-171326_png.rf.1506ae202896853149ba042c51bce83c.jpg 103,122,533,551,0
20240324_165051_jpg.rf.139e02cd7997c4552521224425084ef3.jpg 256,51,367,130,0
Screenshot-2024-04-08-190121_png.rf.129c260f05ebb6f27c368fbf376a1fa7.jpg 119,30,511,565,0
Screenshot-2024-04-08-190416_png.rf.157e0b0ca40fa8b726f7189703652fba.jpg 119,121,495,504,0
Screenshot-2024-04-08-190557_png.rf.19ec8f3a7956f8a35c4f5c508b829b8d.jpg 79,67,521,565,0
20240326_102800_jpg.rf.153f3bf9088f77028a55cd7b43db46aa.jpg 268,125,366,203,0
Screenshot-2024-04-08-165643_png.rf.1dc8ecad2e87c56a1bb8d9a171ac82d6.jpg 173,196,442,545,0
20240324_165046_jpg.rf.1d5a082b5fa123ea249ae2f62dbc36f7.jpg 263,77,349,133,0
Screenshot-2024-04-08-170244_png.rf.1f5f5ef20089ec8b9de04cbaf7f9e35f.jpg 88,118,539,522,0
Screenshot-2024-04-08-182437_png.rf.17ed9031510876c7ac9a4d4934e52859.jpg 112,139,552,562,0
Screenshot-2024-04-08-190416_png.rf.1cd20c3d8e0a65489ba3acc4843eed8f.jpg 119,121,494,504,0
IMG_8749_jpeg.rf.1ff8fdc3fbcd4f7a6f7238b893394b8f.jpg 337,310,410,366,0
Screenshot-2024-04-08-171427_png.rf.2368d18160fa7460625601fa0dcccd7c.jpg 125,122,527,540,0
Screenshot-2024-04-08-170333_png.rf.20f7e0c75cf4fcfba3a8257d9f43da4a.jpg 105,158,420,529,0
20240406_132332_jpg.rf.1b6a58c71d13d4426dae77cedf2e2cce.jpg 223,199,389,332,0
Screenshot-2024-04-08-181549_png.rf.2510b91067d3eca57c92664cd48b37b1.jpg 145,126,493,516,0
Screenshot-2024-04-08-171401_png.rf.259a812f74e256374338a3ce82278a0f.jpg 106,139,518,563,0
20240406_145313_jpg.rf.1e8ef9bc26885229b204c2c77c82b589.jpg 310,146,410,239,0
20240406_132936_jpg.rf.251c8e474ac23ed95586a684abb042ce.jpg 224,257,263,297,0
Screenshot-2024-04-08-181603_png.rf.26688a95f9e754f431333eb66b4cdfbd.jpg 91,92,573,549,0
Screenshot-2024-04-08-170058_png.rf.280bbebe636161ac2fdba1c60429d523.jpg 193,131,446,309,0
20240406_132245_jpg.rf.2667bcf717dff1edc4494dfb68a934a6.jpg 300,234,362,281,0
20240406_132741_jpg.rf.258947940e978947530d6acfb36d6d33.jpg 247,268,402,381,0
20240326_102820_jpg.rf.25fc49aad2077930c086a2eb5a12e31c.jpg 252,63,338,155,0
Screenshot-2024-04-08-181552_png.rf.28d8d8b3b6ab4ae9eaec5bef13d8d671.jpg 66,97,506,539,0
20240324_170217_jpg.rf.2945cc4fb8a82d694f9ec7e49b69a42b.jpg 309,181,372,233,0
Screenshot-2024-04-08-165650_png.rf.2915463b6b0d47685e4d219c5f8b4f56.jpg 103,143,408,514,0
Screenshot-2024-04-08-170241_png.rf.25d5a83bf221be35fc5c639105348e80.jpg 122,179,440,552,0
20240326_190956_jpg.rf.2f2599fece0b4b6516a5d82fe3688d3e.jpg 241,120,376,190,0
Screenshot-2024-04-08-190317_png.rf.2a2bed6a0d7a9de3dd5f479dca19a139.jpg 156,82,511,352,0
Screenshot-2024-04-08-165743_png.rf.30af15a3be6612e8550c2300717005b0.jpg 131,126,508,500,0
Screenshot-2024-04-08-171326_png.rf.31f749077181f5f29cea1a28d6cdec44.jpg 103,122,533,551,0
Screenshot-2024-04-08-165947_png.rf.31e565bf9e1bba219289f9ba2b6f59b6.jpg 232,206,482,583,0
20240406_144826_jpg.rf.2a4fa0d18c88e3e3e245040413a2aea0.jpg 241,200,376,298,0
20240326_102820_jpg.rf.32ca9d5e4f580bbf846d50900bdd72df.jpg 252,63,339,155,0
20240326_102933_jpg.rf.32cdd186d5d8ec98cca3793cfd565b4a.jpg 246,97,382,185,0
20240328_203506_jpg.rf.32c695cad3a213229cd9c4cdbb0bd440.jpg 245,130,364,208,0
Screenshot-2024-04-08-180643_png.rf.3448446ef886827a367c5c8e1afcee2f.jpg 67,75,573,639,0
IMG_8752_jpeg.rf.33010215860a2c1db4a5097e2a10c5f1.jpg
Screenshot-2024-04-08-170136_png.rf.34651097c197fa3b27fdcca9e7746770.jpg 162,114,493,521,0
Screenshot-2024-04-08-171620_png.rf.33ac89b920f062486089f13fcecce1bf.jpg 106,145,512,550,0
20240326_190956_jpg.rf.34b45072adc9f0df96a833f9219e8727.jpg 241,120,376,190,0
20240406_132741_jpg.rf.3614f1e7017e1c9f799961900d6bd8e0.jpg 247,268,402,381,0
Screenshot-2024-04-08-185016_png.rf.37d505ae77b195b179a01426ae6ad0c6.jpg 193,36,419,254,0
20240406_145208_jpg.rf.3820cc1a694a77ea1b55f29a98ff0bd1.jpg 190,213,273,324,0
Screenshot-2024-04-08-181512_png.rf.35fefa62b35ea3a393d4042bc535c5fb.jpg 135,113,497,561,0
20240326_191523_jpg.rf.388c80661c3077d05c2d5cd174892611.jpg 310,80,391,131,0
20240406_144822_jpg.rf.389336ea975d8ac7a1b2077c1aeab0bf.jpg 438,340,480,384,0 435,339,481,374,0 270,358,308,387,0
Screenshot-2024-04-08-165708_png.rf.3996e9f4146a84747cd24d051e50f338.jpg
20240326_102941_jpg.rf.39ab1fe373042898edc65245ee5ee714.jpg 274,196,360,265,0
20240324_165051_jpg.rf.357a80d115cc528cf6a73fe801005b2f.jpg 256,51,368,130,0
Screenshot-2024-04-08-165947_png.rf.3927b176449e324f3a01070ae63bfd8c.jpg 232,206,482,582,0
Screenshot-2024-04-08-170116_png.rf.3ee33cf8974082327939cdac340828b2.jpg 142,154,480,556,0
20240328_203631_jpg.rf.3dba39548f429966609d11fcd733a90d.jpg 289,76,396,202,0
Screenshot-2024-04-08-184041_png.rf.3b4e383c942f7c7b20599aa2c16c1c7b.jpg 167,28,542,278,0
Screenshot-2024-04-08-182238_png.rf.3fb0ce07440827fa5872e3a1c38df8f9.jpg 79,128,502,531,0
Screenshot-2024-04-08-181552_png.rf.3fbf2653aecec981743fc66bc51f081c.jpg 65,98,505,539,0
Screenshot-2024-04-08-170244_png.rf.43927d357e1afbf899df5dc84108be45.jpg 88,118,539,522,0
Screenshot-2024-04-08-182120_png.rf.4021fbac6b2f84cbe76a434de0055c1e.jpg 125,49,473,254,0
Screenshot-2024-04-08-182648_png.rf.43a6df8f1000c57a35a3303a771f862e.jpg 63,137,532,541,0
Screenshot-2024-04-08-171427_png.rf.488b9159ffdebd62560b7ece3155c679.jpg 125,122,527,540,0
IMG_8762_jpeg.rf.42abf537160e29fe318bf4619bc985d3.jpg 230,249,365,359,0
20240324_170217_jpg.rf.3e03c872f6c73bdef91239c30c54aa0e.jpg 310,182,372,232,0
Screenshot-2024-04-08-190205_png.rf.4b953d90034aa6b26c7476ef15ed7f6d.jpg 104,71,563,567,0
Screenshot-2024-04-08-182120_png.rf.477919002634bf432106c6b52c59a8be.jpg 125,49,473,254,0
Screenshot-2024-04-08-182047_png.rf.4cea6986ce70560c5018a9f9ee64106b.jpg 148,58,423,267,0
20240407_134710_jpg.rf.4584ebc9784dc63275ef78341c1679a0.jpg 227,188,427,330,0
IMG_8757_jpeg.rf.49459f95e287fd4ffb8f6c57cf89ba7b.jpg 329,360,365,387,0
20240406_144612_jpg.rf.4c09a7c0c26b645785b4fed8e3ae8e5c.jpg 271,261,457,377,0
20240406_145339_jpg.rf.46db5a756fc96754cab04b6a9e2707ef.jpg 285,273,396,357,0
IMG_8757_jpeg.rf.507c336c6ea40b0c3a29a4384b3caf55.jpg 328,360,365,388,0
20240406_144607_jpg.rf.4c34bc03ed30d52f356468ceaa6e4e5b.jpg 239,218,345,290,0
Screenshot-2024-04-08-165650_png.rf.4c976158014cf37ffdd3d65bd0b8b6f4.jpg 103,143,408,514,0
20240406_144612_jpg.rf.4c6db5006151b2a5dfdd8f51f0c77d92.jpg 271,261,457,377,0
20240324_170532_jpg.rf.4b582d5b741a41294a68d18304615bb8.jpg 366,91,529,199,0
Screenshot-2024-04-08-165643_png.rf.545e7f8cc56026579ca9e2338e992709.jpg 173,196,441,545,0
20240324_170807_jpg.rf.4c613f703746aaa25e429bb08153e243.jpg 283,114,380,191,0
20240406_144908_jpg.rf.53d2d014233167369e0b39e7d894e866.jpg 357,435,634,640,0 276,214,411,334,0
Screenshot-2024-04-08-182437_png.rf.4f1ab0f7663d59126cb6a291afcc818b.jpg 112,139,552,563,0
20240406_144743_jpg.rf.53835a72e67de26404cb3c538d9e9cfa.jpg 273,223,358,325,0
20240326_102745_jpg.rf.55af658b910bd21ef37afd8d33b82fef.jpg 261,179,361,256,0
Screenshot-2024-04-08-171326_png.rf.56d4a4233f8701821aeaa77c6ea30413.jpg 104,122,534,551,0
20240326_102929_jpg.rf.56b282fdc119942848a57d96c068fb42.jpg 259,91,359,194,0
Screenshot-2024-04-08-165743_png.rf.57c3eb67e754864b857c2662967707a8.jpg 131,126,508,500,0
20240406_145240_jpg.rf.57bec955a75cee6e24435b416b716bc3.jpg 327,303,368,335,0
Screenshot-2024-04-08-181603_png.rf.5a205daf005b1a5e7c4551eba8601d39.jpg 91,93,573,549,0
20240324_170850_jpg.rf.5df18e69bc9618e9dea28abe810d6ec9.jpg 269,189,358,266,0 253,141,303,215,0
Screenshot-2024-04-08-170129_png.rf.5899384eee57f1f81ebcfc5b5e239214.jpg 169,120,456,508,0
20240326_184720_jpg.rf.5833466d9c0ee1bfc448d6f949be2d58.jpg 269,208,358,283,0
Screenshot-2024-04-08-171427_png.rf.5aa303f03ae5913b519e0dd9f55fe2ac.jpg 125,122,528,541,0
Screenshot-2024-04-08-182338_png.rf.5a2014f23b67dd338f6dc7e155685609.jpg 56,119,433,543,0
20240326_191523_jpg.rf.5816557a7d3c5ad2dff2afe2e2cfef02.jpg 311,80,391,131,0
20240324_170816_jpg.rf.5bd2a3efa7a70e6a02d0fb5a3aa2c9e4.jpg 439,101,560,204,0
Screenshot-2024-04-08-184952_png.rf.5efb04ef8e0a130208d01dd183968473.jpg 183,182,457,606,0
20240324_165237_jpg.rf.61ac83e86a2bfedbcc44063d13adc18a.jpg 200,206,300,280,0
Screenshot-2024-04-08-181603_png.rf.6377c5a6c6dea8ac5418fb6d59ed1487.jpg 91,93,573,549,0
Screenshot-2024-04-08-170129_png.rf.6553cab112773bb7794339126c309817.jpg 169,120,457,509,0
20240406_145313_jpg.rf.6414b2ed64a92aff028731e7fad1f74a.jpg 310,146,410,239,0
Screenshot-2024-04-08-182437_png.rf.646f1215c47b3587d453022cc8d3faff.jpg 112,139,552,562,0
20240406_145154_jpg.rf.5f121cb1d1fba013230db93e69b0fbd9.jpg 172,223,309,385,0
20240406_144822_jpg.rf.5fdd3011f6cb5663369fbb32ffc97be7.jpg 438,340,480,384,0 435,339,481,374,0 270,358,308,387,0
20240406_132940_jpg.rf.680514ff2264a637f2f6a8f8e3ea8c02.jpg 187,269,247,315,0
20240324_170816_jpg.rf.67d39ac0ffb8d10b5bc51e6f1445b428.jpg 439,101,559,204,0
Screenshot-2024-04-08-190800_png.rf.682bee0bd9530ebadac504011f0abdcf.jpg 88,95,542,573,0
20240406_132245_jpg.rf.66e87d3270265c192138081156729766.jpg 300,234,361,281,0
Screenshot-2024-04-08-182537_png.rf.6976f1f8ab4aa231a7f431beea2d7b64.jpg 116,166,549,490,0
Screenshot-2024-04-08-170352_png.rf.66d0d88bcab84c3695b31c0e1d0e7be8.jpg 101,141,519,551,0
IMG_8749_jpeg.rf.68e393f2d6cbe2fddd2b9c827d99e916.jpg 337,310,409,366,0
20240406_132303_jpg.rf.694edbb18e305b8e4b5e3a930456068b.jpg 310,253,360,294,0
20240406_144612_jpg.rf.6cfb2b233ea8ed099ccd0b624fbac3be.jpg 271,261,457,377,0
20240406_144750_jpg.rf.6c3ff2e58b5f98ed692736da4ba92d7c.jpg 263,144,370,255,0
20240326_102927_jpg.rf.6aa777c1877fb16821a677dac0d1abf7.jpg 252,115,368,211,0
IMG_8749_jpeg.rf.6da2678d63c76141598989e9bd6261d5.jpg 337,310,409,366,0
Screenshot-2024-04-08-170337_png.rf.7066119f651f309c8fdfc7b1394d0a90.jpg 151,161,419,531,0
IMG_8754_jpeg.rf.6d6f910887592ffc701373854e52fa10.jpg 167,395,398,535,0
20240406_145154_jpg.rf.6a439f46e302a3ab2e1951d9cee1af6a.jpg 172,223,309,385,0
20240407_134710_jpg.rf.6e022dce7aa33bfbc80dafcb7431f10f.jpg 227,187,426,329,0
20240406_132303_jpg.rf.71058b63476b5da4bdbcb6cd1e444dd8.jpg 310,253,360,294,0
20240406_145240_jpg.rf.6bc6919420106244d8f27ffd10297a36.jpg 327,303,368,335,0
20240406_144826_jpg.rf.6e7e95a2c0830805b1b5c025c0e92c08.jpg 242,200,377,299,0
20240406_132643_jpg.rf.6f9a3d955064b8cc2b9afa012176eb9a.jpg 232,211,396,336,0
Screenshot-2024-04-08-165947_png.rf.6fb4f3169313e830f3f8adeac6ca59f4.jpg 232,206,482,582,0
Screenshot-2024-04-08-182047_png.rf.7253223b11ac201e3f86914c5aa66af1.jpg 148,58,423,267,0
Screenshot-2024-04-08-184041_png.rf.7246be4738139c8607f3cdee6989e74e.jpg 167,27,541,277,0
Screenshot-2024-04-08-190557_png.rf.7205d4511bfb0b962f878be47aedb2bc.jpg 79,68,520,565,0
20240406_144750_jpg.rf.752a2115571935bf6031092e894a4c77.jpg 263,144,370,255,0
Screenshot-2024-04-08-190317_png.rf.7487eacfd64251b51579096696fddb4c.jpg 156,82,511,352,0
20240326_102927_jpg.rf.76332b9351f1dea6591b3a9d064c6fe5.jpg 251,115,368,211,0
20240406_145240_jpg.rf.74d268ac90788794de289834a77a38cd.jpg 327,303,368,335,0
20240326_184741_jpg.rf.75c4f746f897f3a2a02717262b5fdf1c.jpg 269,185,358,276,0
Screenshot-2024-04-08-170136_png.rf.767b1d423f16578f08cea4999905a874.jpg 162,114,493,521,0
Screenshot-2024-04-08-180643_png.rf.7bc84d88c6d570ec05517446b4eecfc0.jpg 67,75,573,640,0
20240328_203631_jpg.rf.766e6a0dceeb1f114ce8d6fd46bee0aa.jpg 289,77,396,202,0
Screenshot-2024-04-08-171431_png.rf.76815d1c0ddf0f9e0a47d2dc21b4ffe7.jpg 81,130,491,515,0
IMG_8754_jpeg.rf.7cad257383ffaaf6c8c9aa850982c1fd.jpg 167,395,398,535,0
20240407_134710_jpg.rf.7e5126a8ae61909495f3b1a783f186be.jpg 227,187,426,329,0
IMG_8754_jpeg.rf.7cb19e68f1b70733d6d3507c93b3a46e.jpg 167,395,398,535,0
Screenshot-2024-04-08-185016_png.rf.81c9167ec7f61db2d8f1610ea183132d.jpg 192,36,418,254,0
20240406_145208_jpg.rf.7dd54424f56e2628b15065e18f236718.jpg 190,213,273,324,0
Screenshot-2024-04-08-170310_png.rf.84322bad51c7dec6416813fba952f77d.jpg 118,105,386,530,0
20240324_170931_jpg.rf.7ee512689a151c889dcedbbb360b9cf3.jpg 433,208,559,303,0 345,118,463,213,0
Screenshot-2024-04-08-165743_png.rf.84e10201e84d05f267f972f3ea9f27f1.jpg 131,126,508,500,0
IMG_8737_jpeg.rf.81e03bf45391c927ea7c1941a14df87d.jpg 282,297,406,394,0
20240326_102941_jpg.rf.84d624336b52ce303c06eee72447fbf2.jpg 274,196,360,265,0
20240406_132940_jpg.rf.7e9db4dd102606620faa390217dfe58a.jpg 186,269,246,314,0
20240324_165951_jpg.rf.8651d34fb7d31d73884034d2dd68bce4.jpg 297,56,419,166,0
20240326_102745_jpg.rf.878b8d9d5fc8a53ed2cf3dbe06a4a144.jpg 261,179,362,256,0
Screenshot-2024-04-08-170337_png.rf.88113627b37cae72bef9cee57a666d4e.jpg 151,161,419,531,0
20240406_132940_jpg.rf.89468102c388cc49681ed4a6c688a49a.jpg 186,269,246,314,0
Screenshot-2024-04-08-181357_png.rf.87482e4c853c128521a99d1aa166609f.jpg 122,91,542,489,0
20240324_170931_jpg.rf.8ae67e63f8f0dd88043d2e14f48f7a44.jpg 433,208,558,302,0 345,118,462,212,0
20240406_145339_jpg.rf.89f20b68302a1d339bbb1b1bd354070f.jpg 285,273,396,357,0
Screenshot-2024-04-08-184952_png.rf.8c2de14dee5c5cea84a5206606214ad8.jpg 183,182,457,607,0
20240406_132936_jpg.rf.8d4e19407d868334dfcd586fa6207d6d.jpg 223,258,263,298,0
20240326_102745_jpg.rf.8d49529d7d8466bfa7bd871690ad716f.jpg 261,179,361,256,0
Screenshot-2024-04-08-182541_png.rf.8d0dbdb0781ab133753cf88163eef397.jpg
20240324_170816_jpg.rf.8ed14a7fa8129dcad46295a4eb8be44e.jpg 439,101,559,204,0
Screenshot-2024-04-08-181512_png.rf.8e0929270368b35a3f7f12b97b4efae7.jpg 135,113,498,561,0
20240326_102845_jpg.rf.8f3ff28c15d4d81477029205c1dccdf5.jpg 93,154,220,240,0 262,199,402,285,0
20240326_102933_jpg.rf.91d4d7ea84e0deff9df43d186ce62fd4.jpg 246,98,383,186,0
Screenshot-2024-04-08-190205_png.rf.94fabbd78e68729d8dec4f243322b363.jpg 104,72,563,567,0
20240406_132332_jpg.rf.903170b972c3d92a10e6f74d0760b83b.jpg 223,199,389,332,0
Screenshot-2024-04-08-190317_png.rf.9156476e8817028b3929c378c16049fc.jpg 156,83,512,353,0
20240324_165951_jpg.rf.92fc3512a5efd9eeaa494009c330db2f.jpg 297,57,419,166,0
IMG_8744_jpeg.rf.95e89caf6e65c0ac0d65bdcdb0a03301.jpg 287,174,439,294,0
20240406_145208_jpg.rf.928ee470cbdee1325bdd512a88995c36.jpg 190,213,273,324,0
20240406_144908_jpg.rf.985a192c9dab928ef726528470031692.jpg 357,435,634,640,0 276,214,411,334,0
20240324_165046_jpg.rf.91d0f93246dbefa02a53b8124d059fa7.jpg 264,78,350,134,0
Screenshot-2024-04-08-171505_png.rf.9fa3e5a513fdc905f76af81d4474c63c.jpg 161,166,467,515,0
Screenshot-2024-04-08-171431_png.rf.9926bd8752d90aedef54ebec93d02868.jpg 81,130,491,515,0
IMG_8758_jpeg.rf.9874469df5c5c07f4f5aa5040e8dbcbf.jpg 93,145,288,291,0
20240406_145154_jpg.rf.9c1f08cb4fe7129efd5a14b7df9726b9.jpg 172,223,310,385,0
Screenshot-2024-04-08-171620_png.rf.98399e4e5ed127404545f60fba9fa928.jpg 106,145,513,550,0
Screenshot-2024-04-08-182648_png.rf.992f51203ccedcf9806b89da4d56228c.jpg 63,137,532,541,0
20240324_170850_jpg.rf.9fdd23fee08ef0a2cd07bf6e7e4ddff6.jpg 269,189,358,266,0 253,141,303,215,0
20240406_132332_jpg.rf.9eb85029c900f503e18e165aad180faf.jpg 223,199,389,332,0
20240326_190956_jpg.rf.9e2ebc64949c2a70f4f38400536f2fcf.jpg 241,120,376,190,0
IMG_8750_jpeg.rf.98903da51cef66af75465477ec304b0d.jpg 12,290,117,370,0
20240406_144908_jpg.rf.a3fe0f1986cff79e9e394b24cf10e3d3.jpg 357,435,634,640,0 275,214,411,335,0
Screenshot-2024-04-08-182537_png.rf.a019d4840948eb80e0a36ea21bafec54.jpg 116,166,549,490,0
Screenshot-2024-04-08-181357_png.rf.a64e95628afa6228364c063cd6d1f2d9.jpg 123,91,542,489,0
IMG_8742_jpeg.rf.a449bf8d356195e85546c08530e16e46.jpg 314,245,460,366,0
20240324_170857_jpg.rf.a4b96a1e18bce2eeeadb525eb7907f5e.jpg 295,240,366,296,0
Screenshot-2024-04-08-180643_png.rf.9ff4e79ae4b41f008699d58a67847319.jpg 67,75,573,639,0
20240324_170850_jpg.rf.a343f3c4a8db40e1f3faa60672071ce4.jpg 268,189,358,266,0 252,141,303,215,0
20240326_102805_jpg.rf.a77fa61f784992c5274aaa9fde8ca85d.jpg 272,162,361,242,0
20240326_102927_jpg.rf.a80788121c7c3f92b6b600d0a704a54b.jpg 252,115,368,211,0
IMG_8758_jpeg.rf.a8111ef2cc348cbfe013c36606fb581e.jpg 94,145,288,291,0
20240406_144822_jpg.rf.a6ea4e92b9887ac912f7f6d3cde78508.jpg 439,341,480,384,0 435,339,482,375,0 270,359,308,388,0
IMG_8744_jpeg.rf.a7c50718d3da74b71722562e68077a13.jpg 287,174,439,294,0
Screenshot-2024-04-08-181348_png.rf.ae5ff2f5f373b7ea3dce694c52b71a09.jpg 230,155,503,513,0
Screenshot-2024-04-08-190800_png.rf.a970769219389762485347b81d5202e5.jpg 88,95,542,573,0
IMG_8759_jpeg.rf.afe1260e254abf7aac451e57d4bec780.jpg 233,275,322,343,0
20240324_170807_jpg.rf.a8b0f8ad5d62a3b21a0b18f51c51c3fe.jpg 283,114,380,191,0
Screenshot-2024-04-08-182047_png.rf.ac4221399427da797d05d7f84b83d079.jpg 147,57,423,267,0
20240406_145215_jpg.rf.ae9b7c1002dae6e9a49b5dc76f5bac5c.jpg 337,289,372,315,0
Screenshot-2024-04-08-182338_png.rf.af0b32d16dffd6e619233d35108a0e86.jpg 56,120,433,544,0
20240406_145219_jpg.rf.b00715fc4c3c46afd247c70014df70fa.jpg 434,277,473,323,0
Screenshot-2024-04-08-182120_png.rf.ae988448f8252569633ec2354f1aa164.jpg 125,49,473,255,0
20240406_145313_jpg.rf.b0289339ec84873fd4c7027f68615676.jpg 309,146,410,239,0
Screenshot-2024-04-08-182338_png.rf.b0b313d9d63f6e0a248d3dcdf20277e6.jpg 56,119,433,543,0
Screenshot-2024-04-08-182648_png.rf.b0d5cdd4a9ce48583216376ffff1dabe.jpg 63,136,533,541,0
20240406_144607_jpg.rf.b28c44b358129ddfba344a447e4349c7.jpg 239,218,345,290,0
Screenshot-2024-04-08-171236_png.rf.b14d950882b4526c3362d457634e3700.jpg 126,116,523,560,0
IMG_8762_jpeg.rf.b23042ca2b0991ab2661a9a652bc9a9b.jpg 230,249,365,358,0
Screenshot-2024-04-08-190557_png.rf.b436cc50c8e0a7445234c95c0c9521b4.jpg 79,68,520,565,0
20240406_145215_jpg.rf.b2b9a950d53bc1dbc366df93b7f5db26.jpg 336,289,371,314,0
20240406_144743_jpg.rf.b333ea39fd5643169d0ce697633724de.jpg 273,223,358,325,0
Screenshot-2024-04-08-181549_png.rf.b4a41871334a0b9eb03523b9bce85692.jpg 145,126,494,516,0
20240326_102805_jpg.rf.b55e3d7435fa36d22b0bf32ca31ee981.jpg 272,161,361,243,0
Screenshot-2024-04-08-181357_png.rf.b519ada0d956431a76123e8123adfffc.jpg 123,91,542,489,0
Screenshot-2024-04-08-170116_png.rf.b644623b5c8d40a4a36fc5b85ba78067.jpg 142,154,480,556,0
Screenshot-2024-04-08-171236_png.rf.b8c54e6fd9f8edcc135bc192aaeff9d6.jpg 127,116,523,560,0
IMG_8757_jpeg.rf.ba08c6201730e1f8d3e8217050c71b21.jpg 329,360,365,387,0